<---Still lifes--->

1. Block:
[
[0, 0, 0, 0],
[0, 1, 1, 0],
[0, 1, 1, 0],
[0, 0, 0, 0]
]

2. Beehive:
[
[0, 0, 0, 0, 0, 0],
[0, 0, 1, 1, 0, 0],
[0, 1, 0, 0, 1, 0],
[0, 0, 1, 1, 0, 0],
[0, 0, 0, 0, 0, 0],
[0, 0, 0, 0, 0, 0]
]

3. Loaf:
[
[0, 0, 0, 0, 0, 0],
[0, 0, 1, 1, 0, 0],
[0, 1, 0, 0, 1, 0],
[0, 0, 1, 0, 1, 0],
[0, 0, 0, 1, 0, 0],
[0, 0, 0, 0, 0, 0]
]

4. Boat:
[
[0, 0, 0, 0, 0],
[0, 1, 1, 0, 0],
[0, 1, 0, 1, 0],
[0, 0, 1, 0, 0],
[0, 0, 0, 0, 0]
]

5. Tub:
[
[0, 0, 0, 0, 0],
[0, 0, 1, 0, 0],
[0, 1, 0, 1, 0],
[0, 0, 1, 0, 0],
[0, 0, 0, 0, 0]
]

